0	22	0	5	7	12	16	22	47	5	51	42	36	52	27	55	58	58	16	38	23	6	2	50	28	50	7	11	54	53	<- original array
0	0	2	5	5	6	7	7	11	12	16	16	22	22	23	27	28	36	38	42	47	50	50	51	52	53	54	55	58	58	<- sorted array
0
 	0
 	 	2
 	 	 	5
 	 	 	 	5
 	 	 	 	 	6
 	 	 	 	 	 	7
 	 	 	 	 	 	 	7
 	 	 	 	 	 	 	 	11
 	 	 	 	 	 	 	 	 	12
 	 	 	 	 	 	 	 	 	 	16
 	 	 	 	 	 	 	 	 	 	 	16
 	 	 	 	 	 	 	 	 	 	 	 	22
 	 	 	 	 	 	 	 	 	 	 	 	 	22
 	 	 	 	 	 	 	 	 	 	 	 	 	 	23
 	 	 	 	 	 	 	 	 	 	 	 	 	 	 	27
 	 	 	 	 	 	 	 	 	 	 	 	 	 	 	 	28
 	 	 	 	 	 	 	 	 	 	 	 	 	 	 	 	 	36
 	 	 	 	 	 	 	 	 	 	 	 	 	 	 	 	 	 	38
 	 	 	 	 	 	 	 	 	 	 	 	 	 	 	 	 	 	 	42
 	 	 	 	 	 	 	 	 	 	 	 	 	 	 	 	 	 	 	 	47
 	 	 	 	 	 	 	 	 	 	 	 	 	 	 	 	 	 	 	 	 	50
 	 	 	 	 	 	 	 	 	 	 	 	 	 	 	 	 	 	 	 	 	 	50
 	 	 	 	 	 	 	 	 	 	 	 	 	 	 	 	 	 	 	 	 	 	 	51
 	 	 	 	 	 	 	 	 	 	 	 	 	 	 	 	 	 	 	 	 	 	 	 	52
 	 	 	 	 	 	 	 	 	 	 	 	 	 	 	 	 	 	 	 	 	 	 	 	 	53
 	 	 	 	 	 	 	 	 	 	 	 	 	 	 	 	 	 	 	 	 	 	 	 	 	 	54
 	 	 	 	 	 	 	 	 	 	 	 	 	 	 	 	 	 	 	 	 	 	 	 	 	 	 	55
 	 	 	 	 	 	 	 	 	 	 	 	 	 	 	 	 	 	 	 	 	 	 	 	 	 	 	 	58
 	 	 	 	 	 	 	 	 	 	 	 	 	 	 	 	 	 	 	 	 	 	 	 	 	 	 	 	 	58
